object={
	name="lakes"
	clamp_to_water_level=yes
	render_under_water=no
	generated_content=no
	layer="lake_layer"
	pdxmesh="lake_mesh"
	count=60
	transform="2998.791504 -0.104248 2185.504883 -0.000000 -0.791972 -0.000000 0.610557 38.876869 38.876869 38.876869
7216.826660 -1.116944 3595.515137 -0.000000 0.836767 -0.000000 0.547559 47.044815 47.044815 47.044815
7038.252441 -1.073975 3787.800781 -0.000000 0.975658 -0.000000 -0.219295 107.178139 107.178139 107.178139
6915.193359 -1.073975 3681.846191 -0.000000 -0.319592 -0.000000 0.947555 148.087280 148.087280 148.087280
6892.992188 -2.136963 3542.162598 -0.000000 0.591528 -0.000000 0.806285 99.441666 99.441666 99.441666
6811.879883 2.297851 3484.884277 -0.000000 -0.933412 -0.000000 -0.358808 43.043137 43.043137 43.043137
6716.521973 2.383789 3423.586914 -0.000000 -0.933412 -0.000000 -0.358808 22.817297 22.817297 22.817297
6700.247559 1.447021 3380.864746 -0.000000 -0.810348 -0.000000 0.585950 15.507333 15.507333 15.507333
6645.769531 1.447021 3401.425293 -0.000000 -0.998476 -0.000000 -0.055195 32.570011 32.570011 32.570011
6617.156738 1.626220 3316.706787 -0.000000 -0.638850 0.000000 -0.769332 12.250639 12.250639 12.250639
6579.985352 1.626220 3260.014648 -0.000000 0.957286 -0.000000 0.289142 35.804142 35.804142 35.804142
3160.588135 -0.679688 2285.339355 -0.000000 0.798577 -0.000000 0.601893 77.245003 77.245003 77.245003
3061.025146 -0.197510 2161.756348 -0.000000 0.342416 -0.000000 0.939548 38.876869 38.876869 38.876869
2928.679932 -0.060547 2112.250977 -0.000000 0.717751 -0.000000 0.696299 9.309943 9.309943 9.309943
2930.484131 3.428467 2179.190918 -0.000000 0.998688 -0.000000 -0.051221 24.876080 24.876080 24.876080
2946.872559 -2.952148 2138.309326 -0.000000 0.177070 -0.000000 0.984198 26.605206 26.605206 26.605206
1439.747314 0.000000 2820.523682 -0.000000 -0.213836 -0.000000 0.976870 33.842247 33.842247 33.842247
1683.011475 0.000000 2898.108154 -0.000000 0.225164 -0.000000 0.974321 8.040226 8.040226 8.040226
1612.882568 0.000000 2899.951660 -0.000000 0.225164 -0.000000 0.974321 8.040226 8.040226 8.040226
1498.659180 0.000000 2877.707031 -0.000000 0.225164 -0.000000 0.974321 38.527111 38.527111 38.527111
1392.588257 0.000000 2795.500000 -0.000000 -0.987510 -0.000000 0.157555 8.347675 8.347675 8.347675
1410.112671 0.000000 2798.866211 -0.000000 -0.962682 -0.000000 -0.270634 8.347675 8.347675 8.347675
1747.206909 2.254395 2900.764160 -0.000000 -0.592878 -0.000000 0.805292 7.644852 7.644852 7.644852
1323.530273 0.000000 2778.946045 -0.000000 -0.407173 -0.000000 0.913351 65.983879 65.983879 65.983879
5695.532227 1.883789 3890.408691 -0.000000 -0.919888 -0.000000 -0.392181 86.653282 86.653282 86.653282
5610.946777 0.935059 3983.351562 -0.000000 -0.964013 -0.000000 -0.265855 20.461449 20.461449 20.461449
5488.834473 1.916993 3661.088623 -0.000000 -0.964013 -0.000000 -0.265855 19.255470 19.255470 19.255470
5609.525391 0.935059 3753.791992 -0.000000 -0.964013 -0.000000 -0.265855 13.725185 13.725185 13.725185
5687.272949 -0.837402 3669.635010 -0.000000 0.092519 -0.000000 0.995711 15.019581 15.019581 15.019581
5671.295410 -0.141113 3479.716553 -0.000000 0.092519 -0.000000 0.995711 43.852169 43.852169 43.852169
3893.711670 1.130371 2651.532715 -0.000000 0.092519 -0.000000 0.995711 34.662483 34.662483 34.662483
2287.846191 0.702393 2206.202148 -0.000000 -0.878052 -0.000000 0.478564 12.058838 12.058838 12.058838
2282.913086 0.000000 2324.118896 -0.000000 0.719046 -0.000000 0.694962 23.327410 23.327410 23.327410
2258.565430 0.000000 2338.368652 -0.000000 -0.703235 -0.000000 0.710957 29.122749 29.122749 29.122749
1640.457642 -1.042237 3927.871338 -0.000000 0.357145 -0.000000 -0.934047 50.710735 50.710735 50.710735
3567.520264 0.818848 2362.689941 -0.000000 0.180590 -0.000000 -0.983557 13.588097 13.588097 13.588097
3995.063965 2.213623 2441.020508 -0.000000 0.948484 -0.000000 -0.316821 92.611282 92.611282 92.611282
3815.631836 0.000000 2476.191162 -0.000000 0.476375 -0.000000 -0.879241 76.687721 76.687721 76.687721
1668.628662 0.000000 2606.487305 -0.000000 -0.172202 -0.000000 0.985062 12.399179 12.399179 12.399179
1683.340088 0.000000 2386.670654 -0.000000 -0.025799 -0.000000 0.999667 12.399179 12.399179 12.399179
1776.820312 2.758545 2376.791992 -0.000000 0.047727 -0.000000 0.998860 12.399179 12.399179 12.399179
1668.222656 1.030762 2484.676270 -0.000000 0.384686 -0.000000 0.923047 10.347507 10.347507 10.347507
1661.285645 0.000000 2427.620850 -0.000000 0.047727 -0.000000 0.998860 12.399179 12.399179 12.399179
3745.919434 0.997070 2660.294434 0.000000 0.919441 0.000000 0.393228 17.680193 17.680193 17.680193
3765.410400 0.457275 2709.292480 0.000000 0.723654 0.000000 0.690163 5.524474 5.524474 5.524474
3765.821045 0.838623 2673.722412 0.000000 0.635762 0.000000 0.771885 4.873612 4.873612 4.873612
3032.302734 1.753174 2223.166260 0.000000 -0.530046 0.000000 0.847969 24.331417 24.331417 24.331417
3062.830322 1.812744 2220.305420 0.000000 0.640789 0.000000 0.767717 8.081082 8.081082 8.081082
3007.606934 1.364746 2232.181641 0.000000 -0.238049 0.000000 0.971253 13.007587 13.007587 13.007587
2947.060547 1.330078 2118.130859 0.000000 -0.868327 0.000000 0.495993 5.621211 5.621211 5.621211
2953.314453 -0.117188 2071.956543 0.000000 -0.979638 0.000000 0.200770 9.324809 9.324809 9.324809
3292.141357 1.355225 2273.734131 0.000000 0.486320 0.000000 0.873781 22.050940 22.050940 22.050940
3217.122803 -0.015137 2336.726074 0.000000 -0.937814 0.000000 0.347139 16.191214 16.191214 16.191214
3109.186279 0.715088 2317.754883 0.000000 0.608674 0.000000 0.793420 10.831885 10.831885 10.831885
3750.860840 0.281494 2439.467041 0.000000 0.555572 0.000000 0.831469 5.721295 5.721295 5.721295
3734.177734 1.729736 2677.499023 0.000000 0.506393 0.000000 -0.862303 7.709486 7.709486 7.709486
3748.186523 2.850098 2457.821289 0.000000 -0.239353 0.000000 0.970933 7.574693 7.574693 7.574693
3746.254150 1.880127 2470.939941 0.000000 0.235084 0.000000 0.971975 5.283655 5.283655 5.283655
3933.191650 5.653809 2390.399658 0.000000 -0.613168 0.000000 0.789953 7.753292 7.753292 7.753292
3095.445801 4.049805 2130.899658 0.000000 0.226294 0.000000 0.974059 14.111548 14.111548 14.111548
"}
